[Renderer]
LightSourcePositionX=-50.000000
LightSourcePositionY=50.000000
LightSourcePositionZ=50.000000
CameraPositionX=-10.000000
CameraPositionY=-5.000000
CameraPositionZ=15.000000
CameraLookAtPointX=2.500000
CameraLookAtPointY=0.000000
CameraLookAtPointZ=0.000000
UpVectorX=0.000000
UpVectorY=1.000000
UpVectorZ=0.000000
ObjectPositionX=0.000000
ObjectPositionY=0.000000
ObjectPositionZ=0.000000
ObjectRotationX=0.000000
ObjectRotationY=0.000000
ObjectRotationZ=0.000000
ObjectScalingX=1.000000
ObjectScalingY=1.000000
ObjectScalingZ=1.000000
FieldOfView=60.000000
zNear=1.000000
zFar=50.000000
OutputWidth=1200
OutputHeight=1200
MaterialDiffuseReflectance=#C0C0C0
BackfaceCulling=0
UseZBuffer=1
